-------------------
DADOS DA INSTÂNCIA 
-------------------
Multiset: [199761200115809, 721816279331201, 169285685345426, 934391646936276, 776494473365432, 592844846210936, 705243820475367, 516393473905688, 87976533462307, 811299277391291, 47548519573604, 495664789236471, 91904274235097, 933146138617100, 931364004303878, 175433679944982, 953465257199133, 831328960215688, 536639100742323, 794429202082059, 835503563351676, 324181402379267, 815795169637992, 513571489274864, 948343692068334, 423269439328182, 539494333153361, 41733059460353, 951258778072812, 22161651737853, 128504279018098, 102461411710190, 870049179693822, 920805310997710, 880739803639556, 385034172112710, 185972417716901, 976288686156003, 901692905074982, 748283089886293, 960878282429292, 725854419165139, 817005932614015, 186368840285439, 60008146727163, 582572936221278, 70284829169441, 852150856234882, 598879585671543, 32182966915302]
Soma objetivo: 27035262533111965
Configuração ótima fornecida: [705243820475367, 385034172112710, 931364004303878, 817005932614015, 539494333153361, 748283089886293, 22161651737853, 91904274235097, 324181402379267, 933146138617100, 169285685345426, 582572936221278, 725854419165139, 41733059460353, 592844846210936, 811299277391291, 852150856234882, 513571489274864, 870049179693822, 948343692068334, 815795169637992, 794429202082059, 186368840285439, 47548519573604, 721816279331201, 934391646936276, 901692905074982, 831328960215688, 516393473905688, 953465257199133, 960878282429292, 920805310997710, 175433679944982, 102461411710190, 32182966915302, 835503563351676, 495664789236471, 976288686156003, 776494473365432, 880739803639556, 598879585671543, 951258778072812, 60008146727163, 536639100742323, 423269439328182]
Soma da configuração ótima fornecida: 27035262533111965
-----------
RESULTADOS
-----------
Soma resultante (aproximação): 26872149281539326
Configuração geradora da aproximação: [199761200115809, 721816279331201, 169285685345426, 934391646936276, 776494473365432, 592844846210936, 705243820475367, 516393473905688, 87976533462307, 811299277391291, 47548519573604, 495664789236471, 91904274235097, 933146138617100, 931364004303878, 175433679944982, 953465257199133, 831328960215688, 536639100742323, 794429202082059, 835503563351676, 324181402379267, 815795169637992, 513571489274864, 948343692068334, 539494333153361, 951258778072812, 128504279018098, 102461411710190, 870049179693822, 920805310997710, 880739803639556, 385034172112710, 976288686156003, 901692905074982, 748283089886293, 960878282429292, 725854419165139, 817005932614015, 186368840285439, 582572936221278, 852150856234882, 598879585671543]
Duração da execução (nanosegundos): 53662151
Duração da execução (segundos): 0.053662151

Solução aproximada se encontra à 0.6% de distância da solução ótima fornecida.
