-------------------
DADOS DA INSTÂNCIA 
-------------------
Tamanho do conjunto: 50 
Soma objetivo: 2256911691776853
Soma da configuração ótima fornecida: 2256911691776853
-----------
RESULTADOS
-----------
Soma resultante (aproximação): 2253387850259146
Duração da execução (nanosegundos): 52558627
Duração da execução (segundos): 0.052558627

Solução aproximada se encontra à 0.16% de distância da solução ótima fornecida.
-----------
DETALHAMENTO
-----------
Multiset: [93528615995394, 64947190960966, 61082826689874, 8165266758040, 96652222531233, 6170600695323, 64994964817567, 61462468906817, 24776894812104, 40818813388975, 63154798394150, 62251403773863, 51176884800355, 10576016746277, 82834631850180, 94868228585476, 37092520885862, 85579391568710, 9983337596480, 30089939794437, 2166661782249, 80536596115254, 20435771464240, 30748587764050, 58383434052961, 71075650778295, 83275941305296, 50180337116469, 11078925722487, 82802237144163, 8476773108873, 38167790573695, 93454791404079, 91648430320906, 46438307378913, 31047066614940, 67741583921227, 68884582068222, 52030753063335, 92747736650535, 17277095347892, 99446897281813, 96796389999717, 28887237866632, 62366473901123, 20887937370468, 89281137978175, 95564978761067, 38923850443546, 19303008937041]
Configuração ótima fornecida: [92747736650535, 52030753063335, 20435771464240, 58383434052961, 83275941305296, 61082826689874, 46438307378913, 11078925722487, 28887237866632, 67741583921227, 6170600695323, 8476773108873, 80536596115254, 37092520885862, 82834631850180, 40818813388975, 64994964817567, 99446897281813, 30748587764050, 2166661782249, 19303008937041, 24776894812104, 64947190960966, 93454791404079, 96652222531233, 85579391568710, 10576016746277, 17277095347892, 62251403773863, 38167790573695, 61462468906817, 68884582068222, 50180337116469, 30089939794437, 94868228585476, 91648430320906, 93528615995394, 63154798394150, 51176884800355, 20887937370468, 38923850443546, 8165266758040, 95564978761067]
Configuração geradora da aproximação: [93528615995394, 64947190960966, 61082826689874, 8165266758040, 96652222531233, 64994964817567, 61462468906817, 24776894812104, 40818813388975, 63154798394150, 62251403773863, 51176884800355, 10576016746277, 82834631850180, 94868228585476, 37092520885862, 85579391568710, 9983337596480, 30089939794437, 2166661782249, 80536596115254, 20435771464240, 30748587764050, 58383434052961, 71075650778295, 83275941305296, 82802237144163, 38167790573695, 93454791404079, 91648430320906, 68884582068222, 52030753063335, 92747736650535, 17277095347892, 99446897281813, 96796389999717, 20887937370468, 89281137978175, 19303008937041]
