-------------------
DADOS DA INSTÂNCIA 
-------------------
Multiset: [53115408137021, 97638011080346, 49426565149056, 40625534804424, 1077913531428, 55578498435755, 80936993943514, 61800614413929, 3031708011355, 56713454493949, 8793322007518, 25864289122494, 34315909995411, 98864280951690, 5951330523935, 95326743457801, 24471861827118, 7678378114218, 49334558267795, 2863907057121, 62106705701045, 29071019379880, 27660411036842, 83440357118522, 66391835778390, 86536664145746, 78226931700944, 68679941612670, 40596766611552, 79185701538494, 16773648710837, 80939304361696, 93770473124064, 5309421573897, 19509937551170, 75973028916685, 17253041267360, 3196012279092, 36337027990955, 47888439437347, 67011855618588, 80581758065155, 37344873452189, 99686571191809, 67935669549666, 82361116868708, 83050914397391, 34828032464433, 23772030295816, 46810757952661, 49148222163198, 98755424621679, 81327742972233, 68042004999062, 60838786848497, 34318548694396, 62935105240940, 69521026556343, 77949592080034, 47846768795101, 97697929972201, 26515425387089, 32771485570901, 19711565759093, 56511881959847, 47845760681007, 82342585118471, 18776851420474, 47257540064434, 48614130417164, 81831053525896, 9700991277908, 17755352278946, 83588587525157, 17207980875015, 62012989456667, 93903020925703, 67292152522689, 70890695158159, 64524873757912, 66342310101018, 58502015980086, 28462535057268, 97002920331088, 52963854027129, 7820812893050, 37983795893813, 65645296126078, 45827161071193, 49840861563937, 61775573534592, 50115900220978, 860965059752, 97836556293076, 66894804075537, 49963621223909, 75884722508286, 28501240931439, 83172653693033, 43865496342229]
Soma objetivo: 3645476455900167
Configuração ótima fornecida: [5309421573897, 34828032464433, 80581758065155, 18776851420474, 61800614413929, 49840861563937, 17755352278946, 56713454493949, 62935105240940, 79185701538494, 97002920331088, 48614130417164, 25864289122494, 16773648710837, 17207980875015, 23772030295816, 3031708011355, 66391835778390, 28462535057268, 3196012279092, 67011855618588, 62012989456667, 81327742972233, 32771485570901, 82361116868708, 37344873452189, 97697929972201, 64524873757912, 83172653693033, 47845760681007, 97836556293076, 83050914397391, 70890695158159, 97638011080346, 75973028916685, 1077913531428, 47846768795101, 2863907057121, 45827161071193, 37983795893813, 82342585118471, 99686571191809, 65645296126078, 34315909995411, 68679941612670, 9700991277908, 60838786848497, 80939304361696, 47888439437347, 98864280951690, 28501240931439, 36337027990955, 26515425387089, 19509937551170, 69521026556343, 80936993943514, 56511881959847, 66894804075537, 55578498435755, 93770473124064, 58502015980086, 49148222163198, 83440357118522, 77949592080034, 83588587525157, 860965059752, 93903020925703]
Soma da configuração ótima fornecida: 3645476455900167
-----------
RESULTADOS
-----------
Soma resultante (aproximação): 3638490951516116
Configuração geradora da aproximação: [53115408137021, 97638011080346, 49426565149056, 40625534804424, 55578498435755, 80936993943514, 61800614413929, 3031708011355, 56713454493949, 8793322007518, 25864289122494, 34315909995411, 98864280951690, 95326743457801, 24471861827118, 7678378114218, 49334558267795, 2863907057121, 62106705701045, 29071019379880, 27660411036842, 83440357118522, 66391835778390, 86536664145746, 78226931700944, 68679941612670, 40596766611552, 79185701538494, 16773648710837, 80939304361696, 93770473124064, 19509937551170, 75973028916685, 17253041267360, 36337027990955, 47888439437347, 67011855618588, 80581758065155, 99686571191809, 67935669549666, 82361116868708, 83050914397391, 34828032464433, 23772030295816, 46810757952661, 49148222163198, 98755424621679, 81327742972233, 68042004999062, 60838786848497, 34318548694396, 69521026556343, 47846768795101, 26515425387089, 32771485570901, 82342585118471, 18776851420474, 81831053525896, 9700991277908, 17755352278946, 17207980875015, 70890695158159, 64524873757912, 66342310101018, 7820812893050, 37983795893813, 45827161071193, 61775573534592, 43865496342229]
Duração da execução (nanosegundos): 186515680
Duração da execução (segundos): 0.18651568

Solução aproximada se encontra à 0.19% de distância da solução ótima fornecida.
