-------------------
DADOS DA INSTÂNCIA 
-------------------
Tamanho do conjunto: 100 
Soma objetivo: 614105386292900
Soma da configuração ótima fornecida: 614105386292900
-----------
RESULTADOS
-----------
Soma resultante (aproximação): 614066093916619
Duração da execução (nanosegundos): 173921399
Duração da execução (segundos): 0.173921399

Solução aproximada se encontra à 0.01% de distância da solução ótima fornecida.
-----------
DETALHAMENTO
-----------
Multiset: [8354591891184, 91863150035328, 55388217314469, 65200384390405, 18045834013158, 69025587273849, 7528245922788, 80141963174989, 90954744090105, 50709647595258, 28438331793145, 38358871701679, 74958207844584, 88397215846884, 44611553407971, 59014284127964, 86216859216923, 27040126403242, 60304769270039, 46046865728625, 34870055179878, 57362839497370, 55509022616964, 15738034042268, 23670083509822, 35727944054497, 44513612759638, 91982021719460, 72070969941593, 82635195703140, 56874159908522, 48342383767514, 30332752631112, 40316953549235, 98395393539716, 9648341657845, 57293562261932, 34594539310332, 35194974439694, 98570262098848, 13405634643955, 77679537747095, 50560770269287, 24292309845972, 87934509228962, 35030790764208, 93729162779196, 66647735097811, 93170915676332, 82522854282767, 49506495088591, 17878163445227, 58212721390277, 94854655893859, 31740785670302, 43924702469464, 99586709736078, 83294406147632, 66375046160995, 47222496314186, 79104915499854, 36374005108509, 32811382869037, 37750901797680, 90936918720618, 54663939715744, 84670499217606, 64015793529878, 3118861935371, 51235164071937, 83562463074922, 73098543293604, 79413078908072, 74373523988363, 92126922892065, 66493686403979, 5708559989937, 44057809656515, 75035319121393, 39999539789248, 26808506863472, 54260664289871, 13842960232669, 6413736428215, 13264736731731, 21095159328829, 82618839321809, 40804596550680, 23213896800380, 44999837186096, 16811162108912, 71507502313445, 43791259215164, 69651978567541, 99526713895426, 77503018210824, 58948070192211, 97301658568708, 29853007866427, 33345820790536]
Configuração ótima fornecida: [40804596550680, 23213896800380, 58948070192211, 55388217314469, 35194974439694, 31740785670302, 88397215846884, 66647735097811, 65200384390405, 79104915499854, 34594539310332, 34870055179878]
Configuração geradora da aproximação: [9648341657845, 17878163445227, 3118861935371, 5708559989937, 26808506863472, 6413736428215, 13264736731731, 21095159328829, 82618839321809, 40804596550680, 23213896800380, 44999837186096, 16811162108912, 71507502313445, 99526713895426, 97301658568708, 33345820790536]
