-------------------
DADOS DA INSTÂNCIA 
-------------------
Tamanho do conjunto: 500 
Soma objetivo: 11409054764347810
Soma da configuração ótima fornecida: 11409054764347810
-----------
RESULTADOS
-----------
Soma resultante (aproximação): 11406592518005743
Duração da execução (nanosegundos): 56515132970
Duração da execução (segundos): 56.51513297

Solução aproximada se encontra à 0.02% de distância da solução ótima fornecida.
-----------
DETALHAMENTO
-----------
Multiset: [12546435836856, 85824257581756, 41311686490253, 88640319923977, 41114638650543, 89715426571273, 25818037104765, 24875018296444, 45313250061348, 49986749903560, 78847589094727, 150586057337, 54565018437995, 73051546906045, 7797560037082, 1355465214837, 49942117160494, 19496531337488, 51791633662240, 4542143780495, 77945651070301, 25967029050891, 79643019127374, 3600392101569, 25415438345300, 22778001286098, 64739367154095, 37709609480970, 89660408625719, 42252368623487, 77710472010192, 82729994379989, 39583864633569, 59922787796994, 35176425891912, 73675694664644, 13527731903853, 82800519282401, 97555860467938, 87440634964890, 72702409352003, 21038035106919, 8518109164272, 32507060280349, 63095284645236, 26278090507263, 55798553990530, 48574675646839, 68880985341058, 58251752868486, 84195656138389, 43269411013129, 93604162968261, 43073256177759, 60018057128797, 22529280029321, 25807933776142, 30942493273108, 85870251409650, 74911764551219, 32923456136793, 21356806988676, 74910184940832, 7254675250906, 42908424274146, 94124094112499, 73056526650448, 14666110333836, 74835620304698, 55816062860919, 5493001551869, 91086376258090, 3138241048132, 13767213034824, 22780295814264, 81794584025576, 32989524299329, 82120105306831, 4797411333225, 49574225057608, 83852271120614, 69439907383279, 85861861301764, 26848059397056, 26899210413071, 93006045001725, 1038166206396, 68785800309097, 75232062646152, 68977159202486, 77342144877913, 19177644695417, 12442612564610, 56288913737010, 93492490331998, 80237644810183, 40200970746763, 21160843507333, 89225042528962, 47670904708240, 3606026112179, 34668428864696, 7243967697748, 26306788664526, 8648546661706, 62769678497073, 74966727735285, 8377729498273, 18754003599924, 71603905812830, 19888145557131, 72197601071168, 95339465246502, 2713864707565, 36531373184108, 26629240158439, 88202345965903, 27564640628594, 23288739468078, 22279268431075, 44454952651075, 15253072292901, 92306271389284, 12707908358931, 28497430289715, 54013922979678, 67364717977635, 32384227103095, 98235064024695, 99414629611531, 8919337146150, 73490224396033, 30470362084468, 59319697408789, 18232557114032, 26710907748911, 92189343363541, 72161776623755, 90558521480346, 92370873057717, 47108300201601, 96737351722182, 79953119271084, 54125385748282, 38165099203178, 30166572226394, 17583666209812, 50451017859015, 51542035011030, 52780429738362, 26839147810929, 81244503985122, 1780126393919, 36008993155669, 40220939187766, 63959133654626, 6405525317982, 58039627493509, 66162353629127, 96395584811165, 59123783247305, 79200809579041, 5178617337833, 57513923801852, 76024543608590, 86422534302318, 48740152978506, 96566961515109, 49250291859794, 18009202722714, 66274047145749, 86188747242867, 99110390461964, 15288924593784, 88484099223834, 98966108408717, 98392490654779, 25697704979577, 67361399197884, 42489413299974, 22374150828957, 565181812919, 20825859481895, 67696083580231, 4645890577440, 73923164965144, 64803016458044, 35906425114377, 50679344279273, 9516470842395, 89637802559972, 61334231175282, 163513267449, 73917034091895, 12058568814149, 62962872683077, 79113305261522, 50763614940832, 16114362427223, 96801507698055, 85342037684195, 27528222243603, 52150503485792, 51073772992403, 61439044568885, 8563846406098, 87117975287398, 95484617257862, 11721282284426, 68077903161412, 52088052737997, 20862002424200, 57172590604837, 89304586446955, 12701532162866, 66360782628376, 53032218385884, 31672454055027, 3587740277742, 32984055221665, 88317293687525, 733703224681, 78646241350477, 81848692439663, 42582440858730, 44164816254885, 20091197902871, 3922796671678, 15880840218388, 63681217061392, 30957113126199, 73663238425605, 19945533761062, 26963554637528, 4123636786575, 97598278042254, 55102574452789, 70467688614035, 80759232830411, 57873711781973, 97809784047248, 28678960010224, 11472934250326, 45959614400244, 23528998197356, 23101097972506, 51783876678157, 64030027643940, 45556204671387, 23811459744881, 42245167353159, 31297994400872, 85545028534983, 3249600502721, 15299934760659, 2866170526575, 12547696720626, 55639882089692, 49236109407712, 31181073570824, 8498478402327, 11184860902321, 42025493584451, 24166307916201, 62910412881911, 49575627879051, 88880819796644, 80694893674012, 19464983265257, 6434281117389, 41537271385300, 57297859240684, 92635497814205, 45694762278483, 13317874189692, 27163857292308, 69087840127397, 42182068503216, 97159333816034, 58297346907411, 58844633412353, 702935001180, 31019254933287, 59125095851133, 18246554763689, 22179134646456, 36606935438027, 9736875695012, 10686579784802, 37440724950914, 86671873044519, 29964845816176, 53027258508463, 92486203668642, 66744291448921, 72413599843187, 77019938242863, 99531311390195, 52229219420772, 92151416743085, 79362231419242, 81427968337909, 33119139527954, 6148808953380, 73026026025379, 18450889304530, 15772687765576, 47521163731466, 42059586359924, 85731748133011, 52392154529029, 90926785076230, 72148746437969, 25411365113131, 73943136567882, 12086570322203, 12761552241730, 62764583841268, 85194558760339, 17852616481389, 32624720179877, 55210544722948, 49200920678775, 38815809602938, 24573586967300, 70612768712186, 4513008323274, 68936863787603, 32771273281488, 72649763314921, 67087858664560, 42471628820582, 83738241065127, 32520519157902, 20415279375767, 37028989371535, 23578494325230, 89744581172462, 23892450599585, 7618333129300, 34436375165372, 10608389053453, 45449317984436, 95406141604350, 12244493133687, 20222658694860, 47265489249195, 11789091975121, 31166062442912, 83135485016168, 64806046591895, 3105333421194, 1034359100108, 39198023506415, 75434185912258, 27203493170757, 4730053163337, 52836845196364, 78088432228435, 68897849469539, 62632554607459, 21404930833104, 22090014672773, 26401656866126, 88489464747960, 9124702412440, 14582170093406, 44140303970066, 63957652161940, 2280093116209, 3338457169160, 49199620733768, 29278775730847, 69175742008565, 14842030223549, 82619740047462, 95083512281192, 84372508672484, 12884020605372, 37682441581477, 73209284455397, 92101936734310, 14673014137295, 96361699295691, 34818542053535, 15704549182835, 49547927943854, 70628037514228, 45767652015183, 93824142261404, 5262810923637, 84873748028768, 10755725700031, 11896582952153, 63432169609637, 2913059800711, 2325560636856, 78790772511355, 29614411941567, 65283595597816, 48727694507037, 51958482129740, 50337651139073, 17723191443809, 27431518576175, 36589155908385, 8618728070585, 63025531565848, 4684176507131, 51858629552845, 33706508596690, 93058725236655, 99689515996201, 30784673176900, 10891431472570, 88407046954191, 62031590255786, 63874115827691, 64546672828758, 32899680279046, 17981489529457, 11912687779822, 95942269642728, 29017504289642, 65232680279699, 95842839819846, 27740516264934, 10075182022201, 80976298704390, 2988989086534, 54519132198174, 10213466084603, 75362909150958, 78004697938969, 1958600131393, 49710464367203, 60712563012579, 20866377039117, 73520843010915, 44119422490938, 52882454368874, 74361781078279, 41076421954293, 4040435206910, 68442239129885, 35912988975130, 9109668893414, 10361007650628, 71655842031206, 74406146089088, 54044227161211, 9653793051539, 13823965918051, 81473847318869, 22513024668672, 87301200491154, 56916296443621, 32566319654824, 86472410160746, 72953570623974, 49767712986702, 64416463223004, 69757024259222, 38493257975564, 2437118130526, 92164851106260, 57572694121644, 44204623100570, 62143517321031, 60518180750116, 19242048455385, 77638487412429, 46057478818300, 57094107138279, 74632345840783, 16116453096623, 65609138364181, 47334091105612, 44826764470944, 65900877276569, 98057601601623, 68467853654246, 11644080753123, 56778246202989, 46790321502950, 76504548539661, 99885470740505, 11384328698964, 58696214463682, 60550501621744, 50144102666758, 80347865735672, 49774807726475, 41164111405197, 20111956639366, 55054303687975, 42065064645844, 24283117417879, 58989594327018, 39497805813291]
Configuração ótima fornecida: [95484617257862, 31672454055027, 75232062646152, 41311686490253, 72953570623974, 20862002424200, 22513024668672, 88407046954191, 86671873044519, 50144102666758, 6405525317982, 99531311390195, 92164851106260, 70467688614035, 72413599843187, 32507060280349, 98235064024695, 19945533761062, 26278090507263, 49250291859794, 72161776623755, 30166572226394, 54013922979678, 64546672828758, 88640319923977, 42252368623487, 9516470842395, 49236109407712, 63959133654626, 18450889304530, 96737351722182, 66162353629127, 57513923801852, 77710472010192, 47670904708240, 97809784047248, 22374150828957, 85824257581756, 64806046591895, 89715426571273, 88202345965903, 62632554607459, 49942117160494, 733703224681, 37440724950914, 23101097972506, 702935001180, 81848692439663, 89225042528962, 96395584811165, 18009202722714, 7254675250906, 5178617337833, 64030027643940, 39583864633569, 52392154529029, 78847589094727, 63957652161940, 51073772992403, 91086376258090, 2913059800711, 5262810923637, 72702409352003, 82120105306831, 73917034091895, 48574675646839, 35912988975130, 47265489249195, 42245167353159, 45767652015183, 77342144877913, 55798553990530, 75434185912258, 17852616481389, 2988989086534, 24283117417879, 38815809602938, 99110390461964, 26839147810929, 73675694664644, 21160843507333, 45449317984436, 61334231175282, 8377729498273, 11184860902321, 86422534302318, 99689515996201, 97159333816034, 10686579784802, 85194558760339, 54519132198174, 79200809579041, 46057478818300, 84372508672484, 6434281117389, 52882454368874, 9124702412440, 67364717977635, 55210544722948, 31166062442912, 50763614940832, 98966108408717, 14842030223549, 63681217061392, 92370873057717, 30957113126199, 12884020605372, 32984055221665, 97598278042254, 21356806988676, 88880819796644, 98392490654779, 1038166206396, 27163857292308, 50679344279273, 74835620304698, 85870251409650, 58251752868486, 95942269642728, 48727694507037, 62143517321031, 41114638650543, 40220939187766, 65283595597816, 93006045001725, 84195656138389, 22778001286098, 6148808953380, 38493257975564, 19242048455385, 92189343363541, 44140303970066, 28497430289715, 72148746437969, 26306788664526, 12058568814149, 46790321502950, 58297346907411, 85731748133011, 51783876678157, 34818542053535, 93824142261404, 64416463223004, 85861861301764, 32520519157902, 16114362427223, 78646241350477, 92101936734310, 1958600131393, 30942493273108, 87301200491154, 49986749903560, 73490224396033, 24875018296444, 50451017859015, 23811459744881, 49574225057608, 17981489529457, 45959614400244, 73663238425605, 8563846406098, 11912687779822, 69175742008565, 89660408625719, 20222658694860, 96801507698055, 76504548539661, 12086570322203, 60018057128797, 37028989371535, 49199620733768, 13527731903853, 51542035011030, 81473847318869, 69757024259222, 64803016458044, 9736875695012, 44826764470944, 80759232830411, 42065064645844, 92306271389284, 75362909150958, 66744291448921, 12701532162866, 56778246202989, 27203493170757, 73943136567882, 7797560037082, 25807933776142, 65900877276569, 4040435206910, 52780429738362, 51858629552845, 21038035106919, 3606026112179, 29964845816176, 27431518576175, 67361399197884, 49200920678775, 55054303687975, 1780126393919, 13767213034824, 53032218385884, 12547696720626, 25415438345300, 63095284645236, 24573586967300, 88484099223834, 44454952651075, 80976298704390, 60550501621744, 53027258508463, 3105333421194, 93604162968261, 43269411013129, 10361007650628, 11789091975121, 12707908358931, 49575627879051, 54565018437995, 82800519282401, 15880840218388, 4684176507131, 83135485016168, 72649763314921, 12442612564610]
Configuração geradora da aproximação: [12546435836856, 85824257581756, 41311686490253, 88640319923977, 41114638650543, 89715426571273, 25818037104765, 24875018296444, 45313250061348, 49986749903560, 78847589094727, 54565018437995, 73051546906045, 7797560037082, 1355465214837, 49942117160494, 51791633662240, 4542143780495, 77945651070301, 25967029050891, 79643019127374, 3600392101569, 25415438345300, 22778001286098, 64739367154095, 89660408625719, 77710472010192, 59922787796994, 73675694664644, 87440634964890, 72702409352003, 32507060280349, 55798553990530, 48574675646839, 84195656138389, 43269411013129, 93604162968261, 43073256177759, 22529280029321, 25807933776142, 30942493273108, 85870251409650, 74911764551219, 42908424274146, 14666110333836, 74835620304698, 55816062860919, 5493001551869, 91086376258090, 3138241048132, 81794584025576, 82120105306831, 4797411333225, 68785800309097, 75232062646152, 77342144877913, 19177644695417, 12442612564610, 93492490331998, 21160843507333, 89225042528962, 7243967697748, 62769678497073, 71603905812830, 36531373184108, 27564640628594, 22279268431075, 15253072292901, 92306271389284, 12707908358931, 28497430289715, 32384227103095, 99414629611531, 73490224396033, 72161776623755, 90558521480346, 92370873057717, 47108300201601, 54125385748282, 30166572226394, 17583666209812, 51542035011030, 52780429738362, 26839147810929, 81244503985122, 1780126393919, 63959133654626, 66162353629127, 59123783247305, 5178617337833, 96566961515109, 18009202722714, 66274047145749, 86188747242867, 99110390461964, 15288924593784, 88484099223834, 98392490654779, 67361399197884, 42489413299974, 22374150828957, 565181812919, 4645890577440, 73923164965144, 35906425114377, 9516470842395, 89637802559972, 16114362427223, 96801507698055, 85342037684195, 27528222243603, 61439044568885, 95484617257862, 11721282284426, 68077903161412, 20862002424200, 57172590604837, 12701532162866, 31672454055027, 32984055221665, 733703224681, 42582440858730, 3922796671678, 30957113126199, 73663238425605, 19945533761062, 26963554637528, 4123636786575, 45959614400244, 23528998197356, 51783876678157, 23811459744881, 31297994400872, 2866170526575, 11184860902321, 42025493584451, 24166307916201, 6434281117389, 92635497814205, 69087840127397, 42182068503216, 97159333816034, 58297346907411, 702935001180, 59125095851133, 22179134646456, 36606935438027, 9736875695012, 10686579784802, 37440724950914, 86671873044519, 92486203668642, 99531311390195, 81427968337909, 73026026025379, 15772687765576, 12086570322203, 62764583841268, 85194558760339, 17852616481389, 38815809602938, 24573586967300, 70612768712186, 4513008323274, 68936863787603, 32771273281488, 67087858664560, 42471628820582, 32520519157902, 20415279375767, 23578494325230, 10608389053453, 45449317984436, 47265489249195, 11789091975121, 31166062442912, 1034359100108, 75434185912258, 27203493170757, 52836845196364, 78088432228435, 62632554607459, 21404930833104, 26401656866126, 88489464747960, 14582170093406, 44140303970066, 63957652161940, 69175742008565, 95083512281192, 84372508672484, 73209284455397, 34818542053535, 70628037514228, 84873748028768, 11896582952153, 63432169609637, 2913059800711, 2325560636856, 78790772511355, 65283595597816, 50337651139073, 27431518576175, 4684176507131, 51858629552845, 10891431472570, 88407046954191, 62031590255786, 63874115827691, 32899680279046, 17981489529457, 11912687779822, 29017504289642, 65232680279699, 27740516264934, 80976298704390, 2988989086534, 10213466084603, 78004697938969, 20866377039117, 44119422490938, 41076421954293, 9109668893414, 56916296443621, 86472410160746, 38493257975564, 44204623100570, 60518180750116, 46057478818300, 57094107138279, 47334091105612, 44826764470944, 68467853654246, 46790321502950, 99885470740505, 11384328698964, 60550501621744, 50144102666758, 80347865735672, 49774807726475, 41164111405197, 20111956639366]
