-------------------
DADOS DA INSTÂNCIA 
-------------------
Tamanho do conjunto: 100 
Soma objetivo: 5988
Soma da configuração ótima fornecida: 5988
-----------
RESULTADOS
-----------
Soma resultante: 5988
Duração da execução (nanosegundos): 1875071176
Duração da execução (segundos): 1.875071176

-----------
DETALHAMENTO
-----------
Multiset: [57, 18, 27, 119, 175, 134, 192, 149, 22, 96, 169, 134, 48, 29, 58, 91, 85, 181, 135, 179, 128, 38, 158, 198, 149, 12, 153, 81, 199, 22, 48, 144, 21, 54, 30, 186, 63, 99, 52, 130, 32, 18, 105, 56, 152, 117, 4, 189, 113, 83, 4, 27, 45, 101, 174, 34, 82, 81, 131, 173, 7, 68, 166, 17, 94, 107, 54, 135, 21, 136, 52, 35, 160, 154, 32, 193, 86, 55, 158, 11, 22, 48, 60, 127, 139, 186, 179, 115, 54, 100, 71, 57, 19, 73, 80, 10, 47, 113, 8, 57]
Configuração ótima fornecida: [73, 113, 63, 152, 181, 153, 81, 113, 30, 160, 17, 186, 32, 57, 22, 115, 52, 186, 21, 179, 48, 18, 22, 192, 57, 58, 11, 54, 107, 127, 55, 38, 32, 27, 130, 86, 154, 135, 8, 81, 21, 80, 96, 56, 7, 173, 189, 174, 27, 4, 29, 166, 48, 135, 34, 149, 35, 68, 18, 101, 48, 100, 128, 179, 10, 19, 198, 139, 131]
Configuração geradora da soma resultante: []
