-------------------
DADOS DA INSTÂNCIA 
-------------------
Tamanho do conjunto: 100 
Soma objetivo: 7509
Soma da configuração ótima fornecida: 7509
-----------
RESULTADOS
-----------
Soma resultante: 7509
Duração da execução (nanosegundos): 20259943387
Duração da execução (segundos): 20.259943387

-----------
DETALHAMENTO
-----------
Multiset: [97, 175, 77, 14, 136, 123, 32, 123, 198, 97, 185, 76, 158, 31, 132, 87, 165, 39, 162, 104, 16, 41, 127, 72, 108, 117, 186, 108, 49, 123, 176, 87, 6, 198, 155, 82, 198, 200, 31, 101, 79, 35, 65, 126, 24, 11, 137, 35, 134, 24, 195, 115, 160, 160, 102, 149, 129, 124, 56, 65, 171, 85, 190, 28, 47, 122, 126, 137, 107, 144, 3, 22, 142, 124, 153, 4, 131, 99, 189, 109, 144, 66, 60, 126, 150, 115, 82, 165, 170, 89, 112, 37, 105, 153, 181, 8, 164, 81, 102, 99]
Configuração ótima fornecida: [3, 97, 6, 101, 155, 87, 198, 107, 137, 136, 99, 176, 175, 108, 127, 39, 79, 123, 105, 31, 153, 87, 24, 160, 185, 123, 82, 165, 31, 126, 158, 56, 24, 108, 198, 104, 8, 124, 49, 200, 72, 160, 115, 65, 4, 66, 190, 137, 144, 126, 165, 150, 81, 129, 32, 123, 134, 171, 28, 164, 22, 76, 60, 89, 35, 65, 99, 102, 189, 112, 109, 41]
Configuração geradora da soma resultante: []
