-------------------
DADOS DA INSTÂNCIA 
-------------------
Tamanho do conjunto: 100 
Soma objetivo: 1651
Soma da configuração ótima fornecida: 1651
-----------
RESULTADOS
-----------
Soma resultante: 1651
Duração da execução (nanosegundos): 1531079267
Duração da execução (segundos): 1.531079267

-----------
DETALHAMENTO
-----------
Multiset: [18, 100, 83, 22, 17, 114, 59, 121, 34, 34, 194, 68, 46, 114, 142, 128, 63, 109, 62, 62, 145, 104, 191, 52, 68, 42, 109, 53, 85, 24, 37, 2, 87, 164, 180, 96, 175, 63, 88, 12, 43, 128, 147, 74, 29, 93, 107, 4, 49, 29, 1, 7, 101, 146, 190, 91, 96, 40, 199, 24, 159, 140, 60, 186, 152, 113, 200, 26, 51, 41, 20, 200, 28, 192, 60, 35, 20, 74, 180, 33, 180, 169, 103, 31, 96, 114, 185, 76, 116, 200, 36, 142, 88, 97, 95, 60, 171, 196, 172, 193]
Configuração ótima fornecida: [191, 114, 145, 33, 68, 74, 140, 200, 37, 51, 180, 46, 40, 128, 180, 24]
Configuração geradora da soma resultante: []
